63
40115 2
306146 314583
41038 11
284825 309206 370398 310269 340078 314580 352204 322136 368049 294748 309224
40183 13
339720 281313 316258 358522 283342 309145 302669 309712 331762 358117 297062 364885 287874
40246 2
280765 364858
40300 4
321883 364532 346067 351468
40333 7
311205 327823 311290 302140 329946 281229 341647
40304 41
287065 361311 298813 356094 316035 292197 317312 303422 297328 315431 318105 370738 358389 321993 370816 315878 349725 332762 326419 367237 321872 301495 287493 303443 371305 310443 280721 356828 364254 299694 293376 298901 373414 359253 284528 318475 284233 333278 343431 361090 290235
40518 15
355627 293272 351309 373321 363732 356711 371553 280410 295936 321788 357996 349503 296242 339909 353832
40383 8
313888 306634 323455 377369 340378 317913 313432 336866
40172 7
325561 337644 317753 348056 291215 343299 329824
40784 7
341409 315331 280701 378517 316027 350354 342747
40667 27
326532 296904 338054 300473 378465 307108 281106 289617 360397 351821 327612 375255 324744 301941 290086 287933 286253 334326 361313 296385 332787 323579 365492 294104 356279 313580 346895
40943 3
375942 332153 297018
40335 75
291218 351406 367375 377245 325996 367067 335120 306889 303868 374376 362976 339092 349991 294344 285095 342368 348212 362327 292650 332534 286180 296596 305549 292559 326732 351608 328329 294755 362322 375590 306679 323107 298959 331148 350965 305097 319788 280208 289248 313595 360633 355990 372764 337470 301489 346389 327069 351428 317983 345722 355135 340290 333200 316662 302967 329600 297492 361257 328525 298451 296765 285158 323903 308172 363542 368490 339969 346620 337421 340640 302461 354254 359226 374535 343809
40187 37
342115 355094 355744 288644 330851 346133 369492 338567 290704 315439 294576 295728 287772 302762 365763 365518 292114 344990 295966 289131 316605 281237 335807 282531 302317 309467 282008 342192 286297 321103 307267 349245 290020 315899 311413 282160 334956
40222 12
306022 356085 315911 332985 369431 304193 363012 304712 323191 310794 287454 363746
40323 21
281545 342537 297045 283117 336816 287536 337901 288259 349911 323238 286133 347920 347054 374564 334188 309394 344997 375174 340645 325621 320678
40430 12
312346 360391 327813 298133 278973 331820 298386 374833 322605 312544 303766 313413
40565 10
347980 282102 288198 330173 294817 363304 283329 350694 334523 356036
40146 8
345943 298404 285087 289907 285783 327099 291338 305633
41006 32
374800 306119 347533 335947 280462 365277 364766 377024 321815 298781 360277 344644 333265 300621 341627 320178 303544 334313 358494 301621 357734 312801 332489 364271 348398 377763 323491 340643 344323 281034 367820 320775
40805 20
350107 339002 326007 323379 318118 365944 293244 304977 327670 360087 369374 280166 333569 297353 288165 373929 278735 285583 365281 340860
40654 12
304956 343396 298252 321934 372896 304598 334151 373730 328267 288483 325985 316596
40151 30
292256 324804 354298 358206 363812 353806 284445 309809 330093 305446 368198 371838 344095 288224 320383 343062 283069 285385 377436 309565 352559 327190 368009 335853 329087 305833 355470 305956 310118 368154
40643 17
375388 338416 372024 308815 372097 351680 321741 340796 303536 331981 333081 279945 358814 305866 343735 313419 330449
40573 14
282089 294422 292773 291310 330144 359713 310724 351806 285567 313945 352020 297447 369436 378561
40434 103
373245 341063 307180 292109 335128 362406 367074 341366 349186 355530 334062 284132 329723 359536 290771 359002 368864 294347 322897 327647 283839 327579 305095 322401 299695 345054 319308 331189 348167 373291 375383 358630 347405 314079 294531 346613 375493 327007 301776 295029 295981 360053 318811 302966 340639 348619 377866 315793 342015 333373 345644 320264 350252 313627 305987 318411 339199 355722 377385 363885 295334 318761 295799 331105 371723 357528 287444 361969 354897 286497 297067 301049 331217 284977 374646 374984 347372 298231 287480 331231 349797 350098 332961 296491 335928 315666 377692 356140 283267 331436 356244 308594 305665 294475 363594 331588 310148 300384 278817 307907 367896 331618 376387
40168 56
330480 362811 361187 343801 281227 369570 330153 359849 337761 361699 343183 319424 283259 296449 371495 360679 345265 324128 316335 329156 287489 331767 284972 361626 347136 376970 302867 362382 288952 304656 352460 308300 365770 370032 302841 362403 300871 285305 337487 305555 284184 301166 337572 317371 288282 345864 333061 302280 353407 279913 367482 321445 327642 282628 283215 285655
40286 119
294572 349669 323814 354347 362899 300237 323644 351889 316927 352806 306266 375961 286046 337640 313077 360084 376557 336564 323103 281910 324257 371625 317098 278671 373105 281812 289019 302446 294060 289450 345508 365693 377735 368766 342342 344467 364670 320545 283112 330175 326920 306332 357916 294154 349507 310648 334035 305976 342046 345583 341193 318518 279821 375034 309552 366892 354154 341556 296286 373785 295489 292902 280470 279209 368383 315623 330485 347074 287364 320212 320419 299325 329991 292078 319820 373197 374315 279312 356122 295721 319335 324298 340870 375901 364719 338639 287031 345194 324433 314240 323889 360237 322104 325950 299512 353981 378320 337234 309845 368637 359502 350366 368668 377602 283483 344081 374160 357020 359114 355103 361284 326953 279902 283994 281079 349867 324463 286998 297856
40436 39
370053 317645 375607 297331 330377 363580 329334 363032 351510 305922 318149 346664 293494 320426 300311 320741 316847 339497 303769 368745 326530 341840 370516 335760 290062 360944 352719 344552 336463 305369 346711 328381 347169 331653 293873 295058 291396 312824 339263
40253 125
279669 351520 371884 320895 345183 329069 300778 336343 368587 360493 360046 290833 363949 372679 298973 374278 372570 338624 330874 349496 336470 330666 337739 378032 353124 339484 324028 282488 362281 373423 344912 341572 318930 353568 340558 339967 378574 303420 292301 298094 313342 300235 290117 310051 364674 324614 318049 342244 286968 365264 339696 333110 332008 325179 291624 329265 281406 325414 351723 350460 369733 363690 353087 316760 320936 346254 333653 369245 312343 331724 372749 297109 314669 301093 361659 377427 291437 285263 296348 366580 361316 282919 346495 346431 329570 310240 314521 332477 307650 298752 373848 307122 361797 282213 342703 287980 353625 360224 335305 327649 356454 373397 287900 341626 294008 349918 327488 296820 361189 315907 356106 340292 319727 305489 341107 294497 367882 374761 361399 286293 324739 295821 368326 296693 289589
40574 115
299670 326024 286543 359793 292227 336289 349985 355719 308916 310513 352841 371840 326182 285857 362108 302210 317048 305612 375882 311500 360441 321461 378265 333279 351607 326625 281315 311377 368978 356477 306127 358764 356648 330771 365234 333788 374661 291074 371086 288496 281807 294523 284110 297344 312442 360640 355221 301638 376752 316915 340685 286934 318561 294767 367848 296725 317246 372505 291879 349965 359562 340950 282698 317536 338652 303304 284649 323316 283490 337167 359951 307890 321914 322700 322966 340180 293347 320225 328811 293654 293758 308010 374177 312047 308746 350581 375984 339837 308208 327562 283061 305034 356105 323398 366752 302985 359729 322915 359992 334790 291142 341664 335460 370278 345560 355141 316242 323796 351677 338106 294603 343154 323621 320025 368095
40907 55
352483 347718 375020 342008 302872 334418 297323 376370 339925 335394 313816 354200 293495 376945 321959 373220 281145 300781 354216 310075 336080 287244 370717 315091 331791 307441 297987 284863 328960 330515 371523 354186 289269 282070 356352 338300 285618 294524 357101 281861 320064 321650 324716 361473 347584 332796 283804 343460 305200 302056 283760 280126 288706 354663 355688
40425 140
311999 366325 292029 319985 316106 344853 337480 287967 328253 305905 303722 348367 331218 321089 363827 347900 378371 290898 352664 362044 285680 309033 324646 304729 292486 310225 348897 308911 325013 361794 371165 365166 331781 327628 295490 340595 358482 378392 374752 376209 330633 299160 376091 366530 326555 289348 326468 285737 289514 282797 377184 278812 352122 311155 374365 303364 347328 332255 331112 342613 293830 286556 361516 356362 339393 332569 284606 338528 351125 303841 285584 282439 298168 368820 346376 300797 346036 359025 287128 347700 345845 308532 280452 325231 354083 344053 369681 318175 362891 347102 360112 370753 338132 370662 279390 368076 312634 312366 318979 358941 349091 287958 301990 333489 364696 284384 341746 369494 288021 346232 289583 361970 364887 330399 282466 331073 292954 336282 283380 369064 312600 298431 374920 327794 314507 352157 369212 345148 320013 352325 369009 368322 305164 297838 281214 340405 355263 280966 322239 326523
40324 34
285104 343176 348961 309530 357999 364187 347891 299663 362450 302961 361024 327983 309416 340702 346638 372566 300158 304958 347190 307604 284173 316570 325650 377105 300109 352330 311711 374580 326996 374707 358997 328668 286492 345634
40645 76
306089 320996 310402 353011 331879 355204 357002 364800 375371 364712 304393 373475 340477 292013 344204 307260 342939 320597 365272 367561 367752 292837 322669 342902 328396 317514 349650 286090 285110 289631 318107 352331 294600 349972 375773 319895 299329 357455 345964 346222 357707 341501 307616 316661 328543 301239 289386 364058 308475 294024 329209 297781 310652 377518 355164 304851 292947 297442 322141 367953 293434 315482 374891 369888 289197 375081 300777 310193 291433 333731 346926 371002 353571 318262 358662 360321
40277 54
356417 374976 374142 321911 299010 287451 289265 337293 298201 355157 305876 294521 316702 318272 279538 335828 312475 313372 321663 372420 375241 290315 364782 358179 279037 320434 370968 344155 295529 322333 335963 351555 288610 344861 294312 299176 330511 320837 289818 291495 328561 298031 367191 365381 297183 307482 342395 328147 290074 290566 359055 334742 352551 309590
40633 54
323511 374482 352168 361961 328364 356368 307209 279360 323020 356671 377389 298245 341119 321144 370822 302720 292349 368199 352470 373778 286769 314431 364641 331501 342811 351449 283021 306718 332973 363879 333161 304787 377891 337015 364186 339584 306948 375652 376070 318990 363366 289210 317989 318229 301081 339237 360088 363641 374623 321712 376191 354465 331899 378449
40731 24
365257 350860 337076 286036 354804 321396 328366 364536 323373 293987 312449 319075 284941 327690 323038 357280 282725 323326 337637 372676 319412 311376 340106 302169
40248 24
371981 356080 373683 335684 337985 303266 370372 325387 334825 376110 344476 312927 289439 286831 294803 339599 303334 343710 328593 324304 342918 349038 366763 330296
40893 40
317938 309830 350442 358170 340687 376629 298054 317217 296219 299552 315059 364740 322357 306261 284604 302759 367178 317017 348311 282835 359589 342416 320748 356038 286802 322781 287887 336921 365422 318236 284482 344937 295517 351817 298598 281686 329013 288516 298405 361577
40488 14
344317 309691 302508 367810 325361 322206 319715 315064 297027 296118 284622 345694 311991 363825
40344 96
290687 279909 309570 301915 294999 294241 311464 336169 316176 369328 357178 343786 343553 317530 372945 306375 343989 296539 339821 298945 296751 327662 372181 291502 376033 293405 370755 320001 364965 312007 298989 334126 311243 316498 369514 371235 348347 291124 338136 337525 339668 315146 368970 371510 348626 284215 342645 291152 348440 312614 335045 301812 316827 343584 314788 331632 356222 305174 318952 326048 301602 291041 322364 314205 289937 331742 313577 346517 287529 324019 338713 333978 312244 331837 328923 336442 290418 333337 308087 357965 305150 289501 357150 331694 316949 358526 331926 297672 293665 293213 373363 294953 282392 371539 324536 322004
40193 92
289645 341678 304339 349237 359177 284227 367557 323205 298123 378407 348642 375642 334504 331389 284811 364943 368841 368407 350152 329487 373769 358774 345378 374007 297021 278701 310836 299254 287295 366678 339749 324421 312427 285102 367631 340909 306744 286814 282995 321938 347617 305547 336894 329374 376047 350076 281120 373162 311791 316717 304315 292873 291475 320390 323223 369042 311213 369780 330951 304425 299761 328230 358050 355910 305070 346815 293379 354946 336160 322655 319965 296809 313787 280518 347440 307608 326967 346043 366935 367857 331629 361078 303178 299257 349414 328582 284525 347334 317488 301342 303648 304298
40104 40
283573 310183 299023 312064 373137 303915 306942 360254 335357 318844 370498 324711 371359 358727 353614 340335 282300 294428 301456 316054 336224 279596 373533 358619 307682 293984 326319 307284 288422 310888 299716 341671 286594 297337 298676 351682 373535 283403 342795 337682
40353 26
281544 315982 302066 320204 331571 333650 331388 335849 357967 330561 330220 357733 288815 343949 286418 287542 360652 296105 307034 353081 283629 336778 284484 365832 338272 366810
41050 17
318184 358278 369717 285506 334281 368143 328322 315026 376864 304314 331831 289953 326106 317703 375379 306763 287547
40266 30
331000 292983 369601 361622 289399 323822 333649 366556 299286 290478 377726 341078 322645 337820 368500 295324 359305 352951 364206 353109 324458 377471 317850 314630 351962 368688 331418 280512 353463 351811
40671 58
331690 325030 365936 326159 320532 356826 281602 302364 283447 370016 377430 293340 358929 359671 378133 361425 318275 310318 335288 292865 333478 373176 359394 360561 285642 285457 327356 294435 348607 336634 377487 324991 331155 310547 309020 374123 336363 286843 317898 356461 350710 346555 299181 370616 365884 294283 348850 301100 362699 370240 344697 361819 304867 324108 338551 330447 326822 361681
40752 56
353890 295228 344831 353717 359936 342288 319022 295875 283355 328627 314978 325418 346411 281297 360761 308794 279293 364793 358550 344079 367947 323843 375880 350060 313049 326443 296813 371043 307160 347417 290449 357618 353015 310685 349660 308409 334066 337688 357540 290001 318981 310401 334221 283151 366389 335266 359542 362362 281382 347037 377534 341511 294827 356891 336149 331408
40733 26
346614 335742 300317 374172 371139 373048 356252 350908 348103 354782 362315 366620 357362 365485 360506 342704 283154 359576 360165 297971 368237 372748 349137 290782 360438 286817
40418 50
353668 313222 325879 356111 334818 286032 375480 365912 306196 349866 327416 311148 287282 350628 310559 319773 280594 359954 373103 377499 339003 280743 375334 312162 373413 281785 363361 322350 355820 326694 327941 345300 355665 363703 324493 344596 305534 299095 292850 361640 353136 349923 306717 362521 282495 323720 311063 374865 353684 280197
40778 48
328852 290055 310237 346379 321778 279229 308870 365043 354737 287735 306838 318445 319627 359357 288963 372648 326200 322990 303295 318002 291862 286222 328316 331877 307069 352541 319794 365633 371651 345952 308145 349599 334871 354268 372545 361582 319031 332965 345488 348232 323241 370285 302831 295578 333145 333824 316706 373068
40158 46
327583 371302 369354 329423 341894 335084 346741 335630 359490 362078 344896 372835 297651 329501 370382 371393 372224 322479 323780 319271 342159 328314 298098 359701 309790 351072 336501 312912 335032 320802 361296 338265 322040 370227 369728 303870 361916 308467 334052 295652 302038 346948 344398 376237 318416 345878
41082 21
280005 336851 322263 291761 311261 361080 331873 308102 289425 314881 373389 369955 326334 361418 378530 293536 346573 350399 295308 296931 325584
40730 22
300041 278801 280683 314690 353902 320056 365018 286027 289912 317717 298717 340440 305278 307375 354680 341118 363510 303307 349898 377298 284082 368855
40748 10
338664 299317 345613 279247 300922 353514 317625 329195 371341 303398
40530 18
332992 299784 308821 336582 353974 348061 324218 320463 322725 341895 301277 308418 341074 353147 350988 346071 297007 315835
40134 14
328917 363229 308700 352637 325105 307244 332387 364017 368411 334538 353230 314101 369732 330708
40182 12
355915 303124 365928 363693 315349 284675 354139 340648 377399 307469 340196 299846
40922 4
285162 334395 340707 373573
40638 6
324615 369458 297244 361736 353225 295657
40811 2
304441 305636
